Months	Year	TempGh
1	1901	26.2245
2	1901	28.78358
3	1901	29.11091
4	1901	28.98909
5	1901	27.70439
6	1901	26.58321
7	1901	25.54921
8	1901	25.27671
9	1901	25.72463
10	1901	26.81124
11	1901	27.22052
12	1901	25.98228
1	1902	26.38599
2	1902	28.68755
3	1902	29.36232
4	1902	29.45193
5	1902	28.24109
6	1902	26.11902
7	1902	25.57423
8	1902	25.34081
9	1902	25.67463
10	1902	26.33377
11	1902	27.23025
12	1902	26.4792
1	1903	26.85719
2	1903	28.89149
3	1903	29.51335
4	1903	29.18537
5	1903	28.14714
6	1903	26.58953
7	1903	25.54296
8	1903	25.28239
9	1903	25.72891
10	1903	26.81889
11	1903	27.21774
12	1903	26.48059
1	1904	26.85025
2	1904	28.86716
3	1904	29.51472
4	1904	29.18397
5	1904	28.15269
6	1904	26.59788
7	1904	25.54921
8	1904	25.28864
9	1904	25.74211
10	1904	26.81958
11	1904	27.22469
12	1904	26.48754
1	1905	26.05432
2	1905	27.01789
3	1905	28.5396
4	1905	29.12253
5	1905	28.05873
6	1905	26.13581
7	1905	25.59453
8	1905	24.82765
9	1905	25.66493
10	1905	26.77678
11	1905	27.87078
12	1905	27.01165
1	1906	26.26218
2	1906	28.34007
3	1906	29.60623
4	1906	30.51394
5	1906	28.23806
6	1906	26.85326
7	1906	25.26759
8	1906	24.76592
9	1906	26.37452
10	1906	27.08473
11	1906	27.46825
12	1906	27.02947
1	1907	26.6741
2	1907	27.44956
3	1907	28.70259
4	1907	28.70321
5	1907	28.60238
6	1907	26.45102
7	1907	25.97153
8	1907	25.08874
9	1907	25.97257
10	1907	27.95166
11	1907	27.34961
12	1907	25.719
1	1908	26.6304
2	1908	28.2038
3	1908	29.05165
4	1908	29.48571
5	1908	28.85753
6	1908	27.16412
7	1908	26.0112
8	1908	24.89251
9	1908	25.88177
10	1908	26.61176
11	1908	26.71801
12	1908	25.98227
1	1909	26.74697
2	1909	29.53148
3	1909	30.94884
4	1909	29.14282
5	1909	27.8666
6	1909	25.51486
7	1909	24.75434
8	1909	24.04639
9	1909	25.73586
10	1909	25.96886
11	1909	27.40751
12	1909	26.48059
1	1910	25.88363
2	1910	28.96035
3	1910	29.24742
4	1910	28.88187
5	1910	28.27978
6	1910	27.52465
7	1910	26.04004
8	1910	25.42007
9	1910	26.06443
10	1910	26.60004
11	1910	27.20855
12	1910	26.47912
1	1911	26.51391
2	1911	28.46584
3	1911	29.16395
4	1911	29.09842
5	1911	27.77299
6	1911	26.20745
7	1911	25.56657
8	1911	25.14529
9	1911	25.63981
10	1911	26.6108
11	1911	27.19571
12	1911	25.69906
1	1912	26.83492
2	1912	28.742
3	1912	29.21251
4	1912	29.70987
5	1912	28.16866
6	1912	26.61303
7	1912	26.10757
8	1912	25.54857
9	1912	26.2122
10	1912	26.64629
11	1912	26.5403
12	1912	26.38582
1	1913	27.04155
2	1913	28.79508
3	1913	28.11083
4	1913	28.88882
5	1913	28.53097
6	1913	27.65033
7	1913	26.80611
8	1913	26.50475
9	1913	26.98298
10	1913	26.66302
11	1913	26.52453
12	1913	26.06998
1	1914	28.359
2	1914	28.48541
3	1914	28.85035
4	1914	28.93421
5	1914	29.03739
6	1914	27.65288
7	1914	26.41862
8	1914	25.23374
9	1914	26.08099
10	1914	27.11715
11	1914	28.2632
12	1914	26.3295
1	1915	26.17929
2	1915	28.34862
3	1915	29.74164
4	1915	28.79772
5	1915	28.088
6	1915	26.15944
7	1915	25.59235
8	1915	25.25317
9	1915	25.54309
10	1915	26.44378
11	1915	26.91986
12	1915	26.09155
1	1916	26.11945
2	1916	28.04168
3	1916	29.34981
4	1916	28.68217
5	1916	27.73791
6	1916	26.22346
7	1916	25.61253
8	1916	24.87803
9	1916	25.1909
10	1916	26.22592
11	1916	26.41107
12	1916	26.48059
1	1917	26.85789
2	1917	28.89149
3	1917	28.83753
4	1917	28.72881
5	1917	27.5813
6	1917	26.18102
7	1917	25.54921
8	1917	25.28864
9	1917	25.25841
10	1917	26.29064
11	1917	26.19113
12	1917	26.28852
1	1918	26.48972
2	1918	27.77652
3	1918	28.48674
4	1918	28.79563
5	1918	27.71634
6	1918	26.59093
7	1918	25.54921
8	1918	24.69984
9	1918	25.19229
10	1918	26.55236
11	1918	26.85234
12	1918	26.48059
1	1919	26.85719
2	1919	28.89149
3	1919	29.51612
4	1919	29.18537
5	1919	28.14783
6	1919	26.59093
7	1919	25.54921
8	1919	25.28864
9	1919	25.73516
10	1919	26.81124
11	1919	27.22052
12	1919	26.48129
1	1920	26.9572
2	1920	28.89149
3	1920	29.51612
4	1920	29.18537
5	1920	28.66472
6	1920	26.59093
7	1920	25.54921
8	1920	25.28864
9	1920	25.73516
10	1920	26.81124
11	1920	27.22052
12	1920	26.48059
1	1921	26.00382
2	1921	28.89149
3	1921	29.51612
4	1921	29.18537
5	1921	28.95293
6	1921	26.59093
7	1921	25.54921
8	1921	25.28864
9	1921	25.73516
10	1921	26.81124
11	1921	27.22052
12	1921	26.48059
1	1922	26.85789
2	1922	28.89149
3	1922	29.51612
4	1922	29.18537
5	1922	28.29485
6	1922	26.59093
7	1922	25.54921
8	1922	24.74229
9	1922	25.07884
10	1922	26.40063
11	1922	26.87113
12	1922	26.19942
1	1923	27.26338
2	1923	28.16278
3	1923	28.84314
4	1923	27.51175
5	1923	27.89892
6	1923	26.47735
7	1923	25.50827
8	1923	24.56132
9	1923	25.42493
10	1923	26.64014
11	1923	27.01647
12	1923	27.06608
1	1924	27.37557
2	1924	29.99152
3	1924	30.04414
4	1924	28.41968
5	1924	28.40952
6	1924	26.2369
7	1924	24.98534
8	1924	24.8559
9	1924	25.67754
10	1924	26.72213
11	1924	26.91685
12	1924	26.01402
1	1925	24.37558
2	1925	27.97125
3	1925	29.63841
4	1925	29.56041
5	1925	28.31839
6	1925	25.66567
7	1925	25.33543
8	1925	24.98467
9	1925	25.48112
10	1925	25.70033
11	1925	27.06157
12	1925	25.84681
1	1926	26.4382
2	1926	29.00069
3	1926	29.48635
4	1926	28.93056
5	1926	27.49771
6	1926	25.62832
7	1926	24.89601
8	1926	25.67382
9	1926	26.29395
10	1926	27.37212
11	1926	27.12603
12	1926	26.8902
1	1927	25.05585
2	1927	28.34492
3	1927	27.95187
4	1927	28.84248
5	1927	27.49681
6	1927	25.47761
7	1927	25.16699
8	1927	24.06816
9	1927	25.46991
10	1927	25.94729
11	1927	26.65921
12	1927	25.79291
1	1928	26.02963
2	1928	27.78669
3	1928	28.20792
4	1928	27.53939
5	1928	27.59865
6	1928	26.43386
7	1928	25.55419
8	1928	24.03263
9	1928	25.41207
10	1928	26.18125
11	1928	26.53028
12	1928	25.72044
1	1929	25.81791
2	1929	27.34558
3	1929	28.271
4	1929	28.48635
5	1929	27.83548
6	1929	25.54067
7	1929	25.60854
8	1929	24.47527
9	1929	25.68887
10	1929	25.83271
11	1929	26.01558
12	1929	24.75738
1	1930	26.4103
2	1930	29.25078
3	1930	28.8702
4	1930	28.60703
5	1930	27.64606
6	1930	25.95971
7	1930	25.23816
8	1930	24.7912
9	1930	25.88472
10	1930	25.77025
11	1930	27.72473
12	1930	27.75815
1	1931	27.58798
2	1931	28.74947
3	1931	29.52817
4	1931	29.52044
5	1931	28.29721
6	1931	26.67975
7	1931	26.01015
8	1931	25.87061
9	1931	25.08147
10	1931	26.70052
11	1931	27.43782
12	1931	27.83797
1	1932	26.18605
2	1932	28.6257
3	1932	28.93854
4	1932	30.03214
5	1932	28.02507
6	1932	26.5882
7	1932	25.18726
8	1932	25.4985
9	1932	25.84313
10	1932	27.74267
11	1932	28.25803
12	1932	27.36058
1	1933	27.72598
2	1933	29.67237
3	1933	29.8011
4	1933	29.0061
5	1933	27.88203
6	1933	26.0493
7	1933	25.67135
8	1933	25.13469
9	1933	26.09833
10	1933	26.50833
11	1933	27.34443
12	1933	27.02101
1	1934	26.49597
2	1934	28.72414
3	1934	29.29515
4	1934	29.30423
5	1934	28.84471
6	1934	26.68492
7	1934	25.86658
8	1934	25.66574
9	1934	26.50724
10	1934	27.32703
11	1934	28.35067
12	1934	27.06527
1	1935	27.00261
2	1935	29.70575
3	1935	31.13103
4	1935	30.18419
5	1935	28.50919
6	1935	26.22251
7	1935	25.56467
8	1935	25.02761
9	1935	25.84169
10	1935	27.11964
11	1935	27.4543
12	1935	27.33748
1	1936	26.81623
2	1936	29.59058
3	1936	30.80962
4	1936	28.67247
5	1936	27.75064
6	1936	26.02465
7	1936	25.11863
8	1936	24.45775
9	1936	25.14383
10	1936	26.77125
11	1936	27.83576
12	1936	26.18189
1	1937	26.75181
2	1937	29.3261
3	1937	30.89511
4	1937	30.63443
5	1937	29.62025
6	1937	27.76094
7	1937	26.3824
8	1937	25.69567
9	1937	26.29263
10	1937	27.86504
11	1937	28.99768
12	1937	28.31363
1	1938	28.10275
2	1938	30.77719
3	1938	29.745
4	1938	30.59797
5	1938	29.91726
6	1938	28.37446
7	1938	26.39803
8	1938	25.5486
9	1938	26.64126
10	1938	28.29185
11	1938	28.79704
12	1938	27.58212
1	1939	27.03405
2	1939	29.00101
3	1939	30.50647
4	1939	29.22322
5	1939	28.6498
6	1939	27.36485
7	1939	26.44344
8	1939	25.48153
9	1939	25.93371
10	1939	27.46334
11	1939	28.47759
12	1939	27.92667
1	1940	27.43775
2	1940	28.89149
3	1940	29.51612
4	1940	29.18537
5	1940	28.58364
6	1940	26.59093
7	1940	25.54921
8	1940	25.28864
9	1940	25.73516
10	1940	26.81124
11	1940	27.22052
12	1940	26.48059
1	1941	27.4608
2	1941	28.53555
3	1941	30.37626
4	1941	29.50871
5	1941	28.64953
6	1941	26.83272
7	1941	25.91236
8	1941	25.83713
9	1941	26.64118
10	1941	27.97343
11	1941	28.13446
12	1941	27.26726
1	1942	26.29779
2	1942	29.36909
3	1942	30.00211
4	1942	29.67203
5	1942	27.98781
6	1942	27.06735
7	1942	25.91935
8	1942	24.92606
9	1942	26.85386
10	1942	27.31597
11	1942	28.25574
12	1942	26.39631
1	1943	26.31411
2	1943	28.60182
3	1943	29.49277
4	1943	28.86522
5	1943	27.75934
6	1943	26.42115
7	1943	25.52327
8	1943	24.92746
9	1943	25.74628
10	1943	26.93507
11	1943	27.26443
12	1943	27.30807
1	1944	26.26863
2	1944	28.46235
3	1944	29.07121
4	1944	29.23749
5	1944	29.12785
6	1944	27.13244
7	1944	26.33852
8	1944	25.66536
9	1944	26.22924
10	1944	27.43361
11	1944	27.86533
12	1944	27.21433
1	1945	27.3142
2	1945	28.3659
3	1945	29.00794
4	1945	29.1481
5	1945	28.45959
6	1945	26.89947
7	1945	25.87703
8	1945	25.03589
9	1945	26.10361
10	1945	26.63938
11	1945	27.39721
12	1945	26.10529
1	1946	27.14034
2	1946	28.10676
3	1946	30.14576
4	1946	29.25911
5	1946	28.41844
6	1946	26.20902
7	1946	25.38634
8	1946	24.59068
9	1946	25.37121
10	1946	26.36392
11	1946	27.55523
12	1946	25.87597
1	1947	26.39573
2	1947	30.21178
3	1947	29.24427
4	1947	29.08222
5	1947	28.97892
6	1947	26.89621
7	1947	26.10389
8	1947	25.55457
9	1947	25.9303
10	1947	27.04872
11	1947	26.88725
12	1947	26.69053
1	1948	25.68708
2	1948	28.58614
3	1948	28.983
4	1948	28.71536
5	1948	27.97476
6	1948	25.90258
7	1948	25.62682
8	1948	25.29527
9	1948	26.0692
10	1948	27.15683
11	1948	26.75504
12	1948	26.37731
1	1949	26.79515
2	1949	28.10621
3	1949	30.20119
4	1949	29.56326
5	1949	28.37855
6	1949	27.02608
7	1949	26.15487
8	1949	25.28217
9	1949	26.22701
10	1949	27.4376
11	1949	27.85811
12	1949	26.82119
1	1950	26.61038
2	1950	27.5526
3	1950	28.66093
4	1950	28.8903
5	1950	28.43886
6	1950	26.9525
7	1950	25.48339
8	1950	24.67661
9	1950	25.44307
10	1950	26.32207
11	1950	26.77261
12	1950	26.28074
1	1951	27.40203
2	1951	28.99058
3	1951	29.69078
4	1951	29.54778
5	1951	27.98213
6	1951	27.21666
7	1951	25.79064
8	1951	25.55196
9	1951	26.36887
10	1951	26.81807
11	1951	27.14551
12	1951	26.60752
1	1952	27.19542
2	1952	28.76632
3	1952	29.67108
4	1952	29.7121
5	1952	28.08527
6	1952	26.71882
7	1952	25.65992
8	1952	25.11382
9	1952	25.51426
10	1952	26.62838
11	1952	27.15626
12	1952	26.68878
1	1953	27.56202
2	1953	28.75179
3	1953	29.19627
4	1953	29.56112
5	1953	27.52508
6	1953	26.06266
7	1953	25.34106
8	1953	25.12369
9	1953	25.92579
10	1953	26.76845
11	1953	27.49962
12	1953	26.29146
1	1954	26.73257
2	1954	28.77987
3	1954	29.32669
4	1954	28.58029
5	1954	27.73621
6	1954	25.95516
7	1954	24.74911
8	1954	24.65486
9	1954	25.63237
10	1954	26.23212
11	1954	27.26696
12	1954	26.72929
1	1955	26.89441
2	1955	28.59518
3	1955	28.86173
4	1955	28.40556
5	1955	27.84465
6	1955	26.01738
7	1955	25.02506
8	1955	24.99778
9	1955	25.31747
10	1955	26.42035
11	1955	26.94876
12	1955	25.9551
1	1956	26.40246
2	1956	28.66469
3	1956	28.72729
4	1956	28.83662
5	1956	27.94626
6	1956	25.89627
7	1956	24.77343
8	1956	24.78729
9	1956	25.6876
10	1956	26.55735
11	1956	27.28175
12	1956	26.34936
1	1957	26.09547
2	1957	28.18398
3	1957	29.22258
4	1957	28.91084
5	1957	27.76391
6	1957	26.43141
7	1957	25.62722
8	1957	25.28564
9	1957	25.64433
10	1957	26.45143
11	1957	27.40604
12	1957	26.96585
1	1958	27.81101
2	1958	28.25679
3	1958	29.93953
4	1958	29.23376
5	1958	28.1382
6	1958	25.86962
7	1958	25.0526
8	1958	25.24535
9	1958	25.7288
10	1958	26.93285
11	1958	27.68406
12	1958	26.76845
1	1959	27.07669
2	1959	28.85454
3	1959	29.63522
4	1959	29.43423
5	1959	27.85362
6	1959	26.63679
7	1959	25.59668
8	1959	25.01975
9	1959	25.62936
10	1959	26.96616
11	1959	27.41526
12	1959	26.23578
1	1960	26.84326
2	1960	28.68016
3	1960	28.96555
4	1960	28.44149
5	1960	28.16583
6	1960	26.24445
7	1960	25.41468
8	1960	25.4744
9	1960	25.78563
10	1960	26.79643
11	1960	27.04449
12	1960	26.75197
1	1961	26.80158
2	1961	28.05594
3	1961	29.43731
4	1961	28.78113
5	1961	28.33108
6	1961	26.17032
7	1961	25.03546
8	1961	24.72259
9	1961	25.35728
10	1961	27.0151
11	1961	27.12923
12	1961	26.25915
1	1962	26.77921
2	1962	28.7137
3	1962	29.42258
4	1962	28.82571
5	1962	27.74902
6	1962	25.68419
7	1962	25.62379
8	1962	24.80644
9	1962	25.44588
10	1962	26.6074
11	1962	27.19914
12	1962	26.20714
1	1963	27.11581
2	1963	29.22756
3	1963	28.88278
4	1963	28.79096
5	1963	27.71254
6	1963	26.85137
7	1963	25.94021
8	1963	25.80772
9	1963	26.46406
10	1963	26.59016
11	1963	26.89916
12	1963	26.68406
1	1964	26.77825
2	1964	28.77392
3	1964	29.75506
4	1964	28.90904
5	1964	27.65308
6	1964	26.09172
7	1964	24.99387
8	1964	24.57532
9	1964	25.22778
10	1964	26.21636
11	1964	26.78069
12	1964	26.53861
1	1965	26.71968
2	1965	28.43948
3	1965	29.18545
4	1965	28.52903
5	1965	27.81912
6	1965	26.21287
7	1965	25.44459
8	1965	25.19679
9	1965	25.76036
10	1965	26.98473
11	1965	27.10995
12	1965	26.05134
1	1966	26.93103
2	1966	28.4648
3	1966	29.59364
4	1966	29.10727
5	1966	28.1998
6	1966	26.39107
7	1966	26.30383
8	1966	25.53871
9	1966	25.7384
10	1966	26.80233
11	1966	27.44118
12	1966	26.70354
1	1967	26.135
2	1967	28.81788
3	1967	28.97273
4	1967	28.84152
5	1967	28.02939
6	1967	26.21124
7	1967	25.27606
8	1967	24.96043
9	1967	25.42201
10	1967	26.65541
11	1967	27.17376
12	1967	26.65583
1	1968	26.22388
2	1968	28.88031
3	1968	29.12874
4	1968	28.32565
5	1968	27.72947
6	1968	26.20766
7	1968	25.8644
8	1968	26.17241
9	1968	25.88433
10	1968	27.06448
11	1968	27.27323
12	1968	27.23499
1	1969	27.13349
2	1969	29.56752
3	1969	30.08701
4	1969	29.59992
5	1969	28.72326
6	1969	27.01342
7	1969	25.69484
8	1969	25.42603
9	1969	25.82555
10	1969	26.64937
11	1969	26.92662
12	1969	27.23342
1	1970	27.5593
2	1970	29.35953
3	1970	29.80796
4	1970	29.7787
5	1970	28.05464
6	1970	27.24712
7	1970	25.35751
8	1970	25.18083
9	1970	25.51043
10	1970	27.08004
11	1970	26.97203
12	1970	26.30131
1	1971	26.1
2	1971	28.27836
3	1971	28.94573
4	1971	28.59301
5	1971	27.85937
6	1971	26.1795
7	1971	24.97671
8	1971	24.27974
9	1971	24.88797
10	1971	26.26443
11	1971	26.82437
12	1971	25.75555
1	1972	26.75196
2	1972	28.61931
3	1972	28.89908
4	1972	28.12267
5	1972	27.46611
6	1972	25.97293
7	1972	25.58558
8	1972	24.97286
9	1972	25.68609
10	1972	26.51017
11	1972	26.97714
12	1972	26.71168
1	1973	27.36364
2	1973	29.67933
3	1973	29.63383
4	1973	29.54111
5	1973	28.50226
6	1973	26.74386
7	1973	25.90743
8	1973	25.22578
9	1973	25.48504
10	1973	26.77489
11	1973	26.85866
12	1973	26.27687
1	1974	26.01356
2	1974	28.27175
3	1974	29.10188
4	1974	28.74825
5	1974	27.72396
6	1974	26.4167
7	1974	25.01988
8	1974	25.02553
9	1974	24.86385
10	1974	26.09498
11	1974	26.62651
12	1974	25.63098
1	1975	25.89374
2	1975	28.05676
3	1975	28.98659
4	1975	28.45166
5	1975	27.44428
6	1975	26.25693
7	1975	24.84717
8	1975	24.49042
9	1975	24.65158
10	1975	26.09349
11	1975	26.66103
12	1975	26.09159
1	1976	26.22921
2	1976	28.02144
3	1976	28.65676
4	1976	28.34004
5	1976	27.48165
6	1976	25.51879
7	1976	25.01632
8	1976	24.58243
9	1976	25.4159
10	1976	25.50094
11	1976	26.28332
12	1976	26.2335
1	1977	27.231
2	1977	28.50736
3	1977	29.42732
4	1977	29.57426
5	1977	28.27151
6	1977	26.43787
7	1977	25.51419
8	1977	24.9328
9	1977	25.62057
10	1977	26.60734
11	1977	27.06226
12	1977	25.95721
1	1978	27.35582
2	1978	29.32425
3	1978	28.97868
4	1978	28.01115
5	1978	27.52713
6	1978	25.94151
7	1978	24.72242
8	1978	25.08305
9	1978	25.30086
10	1978	26.31871
11	1978	26.62063
12	1978	26.81713
1	1979	27.78813
2	1979	28.53478
3	1979	29.73257
4	1979	29.35464
5	1979	27.7625
6	1979	25.80046
7	1979	25.3988
8	1979	25.51995
9	1979	25.7023
10	1979	26.79729
11	1979	27.15804
12	1979	25.90501
1	1980	27.57255
2	1980	28.86757
3	1980	29.41898
4	1980	29.53248
5	1980	27.81518
6	1980	26.59626
7	1980	25.20658
8	1980	25.08204
9	1980	25.92758
10	1980	26.50248
11	1980	26.91723
12	1980	25.36444
1	1981	26.4392
2	1981	29.37827
3	1981	29.84808
4	1981	29.59504
5	1981	27.95766
6	1981	27.0912
7	1981	25.49508
8	1981	25.51085
9	1981	26.17233
10	1981	27.58545
11	1981	27.30281
12	1981	27.34428
1	1982	26.9055
2	1982	28.88997
3	1982	29.40904
4	1982	29.22477
5	1982	27.90238
6	1982	26.79937
7	1982	25.69649
8	1982	25.23743
9	1982	26.33575
10	1982	26.83107
11	1982	26.98621
12	1982	26.77305
1	1983	25.73242
2	1983	29.75656
3	1983	30.55074
4	1983	30.52112
5	1983	28.99701
6	1983	26.70846
7	1983	25.92731
8	1983	25.69768
9	1983	26.30834
10	1983	27.75895
11	1983	27.94409
12	1983	27.07879
1	1984	27.41087
2	1984	29.01319
3	1984	29.97268
4	1984	29.39645
5	1984	28.24897
6	1984	27.10701
7	1984	26.26199
8	1984	26.34108
9	1984	26.16531
10	1984	27.12558
11	1984	28.00023
12	1984	26.36337
1	1985	27.79074
2	1985	28.86127
3	1985	30.16627
4	1985	29.37266
5	1985	28.40704
6	1985	26.84574
7	1985	25.42034
8	1985	25.75636
9	1985	25.75827
10	1985	27.29972
11	1985	27.96531
12	1985	25.96153
1	1986	26.86202
2	1986	29.68734
3	1986	29.51559
4	1986	29.84204
5	1986	28.81357
6	1986	27.10009
7	1986	25.34548
8	1986	25.34267
9	1986	25.72177
10	1986	26.85255
11	1986	26.97382
12	1986	25.90861
1	1987	27.69213
2	1987	29.32575
3	1987	29.45619
4	1987	30.31326
5	1987	29.26561
6	1987	27.01574
7	1987	26.47812
8	1987	25.89651
9	1987	26.25477
10	1987	26.89116
11	1987	27.91745
12	1987	26.64998
1	1988	26.99407
2	1988	29.41899
3	1988	30.09943
4	1988	29.12735
5	1988	28.85672
6	1988	26.49288
7	1988	25.27493
8	1988	24.91051
9	1988	25.56188
10	1988	27.05038
11	1988	27.37291
12	1988	25.8902
1	1989	25.4786
2	1989	28.1264
3	1989	28.75481
4	1989	29.45216
5	1989	28.43165
6	1989	26.65347
7	1989	25.52176
8	1989	24.94237
9	1989	25.59126
10	1989	26.39272
11	1989	27.58188
12	1989	26.5338
1	1990	27.16521
2	1990	28.47014
3	1990	30.22169
4	1990	29.37934
5	1990	28.20525
6	1990	26.81881
7	1990	25.28708
8	1990	25.29001
9	1990	25.87913
10	1990	27.10726
11	1990	27.55538
12	1990	26.87791
1	1991	27.51356
2	1991	29.53659
3	1991	29.82736
4	1991	28.7176
5	1991	27.49436
6	1991	26.98583
7	1991	25.68073
8	1991	25.10575
9	1991	26.09171
10	1991	26.022
11	1991	26.98853
12	1991	26.25757
1	1992	26.0437
2	1992	29.07947
3	1992	29.92239
4	1992	29.53092
5	1992	27.98865
6	1992	26.28372
7	1992	25.15236
8	1992	24.86617
9	1992	25.43345
10	1992	26.67712
11	1992	26.50654
12	1992	26.8279
1	1993	26.06801
2	1993	28.94356
3	1993	28.92502
4	1993	29.55974
5	1993	27.82352
6	1993	26.80782
7	1993	25.5125
8	1993	25.43437
9	1993	25.81106
10	1993	27.1055
11	1993	27.86107
12	1993	26.73062
1	1994	26.94797
2	1994	29.04605
3	1994	29.96054
4	1994	29.30339
5	1994	28.09048
6	1994	26.67756
7	1994	25.46635
8	1994	25.13963
9	1994	25.71258
10	1994	26.25677
11	1994	27.06457
12	1994	25.98317
1	1995	26.49711
2	1995	28.79987
3	1995	29.75409
4	1995	29.34272
5	1995	28.36987
6	1995	27.08918
7	1995	25.97572
8	1995	25.59007
9	1995	26.06757
10	1995	26.83512
11	1995	27.1974
12	1995	27.10477
1	1996	27.64318
2	1996	29.22219
3	1996	29.9641
4	1996	29.15086
5	1996	28.47944
6	1996	26.72705
7	1996	25.91279
8	1996	25.23103
9	1996	25.42616
10	1996	26.5437
11	1996	27.17444
12	1996	26.91706
1	1997	27.77412
2	1997	28.53744
3	1997	29.39946
4	1997	28.85501
5	1997	27.73469
6	1997	26.23462
7	1997	25.61879
8	1997	25.53087
9	1997	26.47601
10	1997	27.37072
11	1997	27.75312
12	1997	27.11454
1	1998	27.29246
2	1998	30.18016
3	1998	30.88305
4	1998	30.81144
5	1998	29.03278
6	1998	27.14488
7	1998	26.12033
8	1998	25.43947
9	1998	25.94754
10	1998	27.09264
11	1998	27.93233
12	1998	27.11331
1	1999	27.50756
2	1999	28.45614
3	1999	29.86655
4	1999	29.13626
5	1999	28.41083
6	1999	27.42203
7	1999	25.79894
8	1999	25.23577
9	1999	25.34424
10	1999	26.33878
11	1999	27.46204
12	1999	26.74653
1	2000	28.0656
2	2000	28.02884
3	2000	29.92267
4	2000	29.74065
5	2000	28.6799
6	2000	26.73541
7	2000	25.67949
8	2000	25.23554
9	2000	26.02852
10	2000	26.90947
11	2000	27.74384
12	2000	26.85652
1	2001	27.03711
2	2001	28.67938
3	2001	30.19955
4	2001	29.49165
5	2001	28.72784
6	2001	26.76862
7	2001	25.81828
8	2001	25.29618
9	2001	25.82771
10	2001	27.36955
11	2001	27.98413
12	2001	27.70967
1	2002	26.9517
2	2002	28.71806
3	2002	30.43597
4	2002	29.67213
5	2002	29.09334
6	2002	27.30509
7	2002	26.42235
8	2002	25.71901
9	2002	26.15523
10	2002	26.71549
11	2002	27.76948
12	2002	27.12398
1	2003	27.66552
2	2003	30.10577
3	2003	30.20878
4	2003	29.29435
5	2003	28.93997
6	2003	26.55044
7	2003	25.74944
8	2003	25.62535
9	2003	26.02292
10	2003	27.65793
11	2003	27.79723
12	2003	26.88655
1	2004	27.48416
2	2004	29.22808
3	2004	29.87583
4	2004	29.3089
5	2004	28.00545
6	2004	26.59301
7	2004	25.6283
8	2004	25.6224
9	2004	26.28924
10	2004	27.30283
11	2004	27.87624
12	2004	27.78783
1	2005	26.78131
2	2005	30.57683
3	2005	30.78729
4	2005	30.13458
5	2005	28.54853
6	2005	26.81487
7	2005	25.90226
8	2005	25.47919
9	2005	26.48697
10	2005	27.35348
11	2005	28.08249
12	2005	27.70388
1	2006	27.58782
2	2006	29.65525
3	2006	30.00419
4	2006	30.26787
5	2006	28.24569
6	2006	27.60483
7	2006	26.59036
8	2006	25.7188
9	2006	26.04466
10	2006	27.32477
11	2006	27.14175
12	2006	26.68953
1	2007	26.54116
2	2007	29.55832
3	2007	30.40625
4	2007	29.58541
5	2007	28.6765
6	2007	27.3361
7	2007	26.26768
8	2007	25.44787
9	2007	26.32183
10	2007	27.44676
11	2007	28.12821
12	2007	27.13643
1	2008	25.32952
2	2008	28.78115
3	2008	29.98451
4	2008	29.79729
5	2008	28.54404
6	2008	26.90625
7	2008	25.76088
8	2008	25.4975
9	2008	26.11275
10	2008	27.23435
11	2008	27.57722
12	2008	27.51582
1	2009	27.1832
2	2009	30.16774
3	2009	30.40759
4	2009	29.33001
5	2009	28.74073
6	2009	27.21581
7	2009	26.19293
8	2009	25.69976
9	2009	26.29862
10	2009	27.1451
11	2009	27.31115
12	2009	27.67091
1	2010	28.14465
2	2010	30.44077
3	2010	31.1336
4	2010	30.39695
5	2010	29.06194
6	2010	27.52926
7	2010	26.21258
8	2010	25.86352
9	2010	26.07987
10	2010	26.96895
11	2010	27.94675
12	2010	26.99516
1	2011	27.12419
2	2011	29.34079
3	2011	30.67845
4	2011	29.9867
5	2011	28.86433
6	2011	27.41527
7	2011	26.21382
8	2011	25.71796
9	2011	26.29618
10	2011	27.24406
11	2011	27.88861
12	2011	26.42356
1	2012	27.09497
2	2012	29.07979
3	2012	30.13342
4	2012	29.47486
5	2012	28.02719
6	2012	26.82928
7	2012	25.72252
8	2012	25.42521
9	2012	25.9877
10	2012	27.17537
11	2012	28.1188
12	2012	27.19823
1	2013	27.30433
2	2013	29.84405
3	2013	30.70095
4	2013	29.37227
5	2013	28.3971
6	2013	27.10215
7	2013	25.93353
8	2013	25.33493
9	2013	26.28544
10	2013	27.14262
11	2013	28.06976
12	2013	26.83675
1	2014	28.15934
2	2014	29.34164
3	2014	29.90051
4	2014	29.64351
5	2014	28.52631
6	2014	27.49543
7	2014	26.50846
8	2014	25.74811
9	2014	26.03199
10	2014	27.37821
11	2014	28.03357
12	2014	27.12511
1	2015	26.70995
2	2015	29.90573
3	2015	30.13221
4	2015	30.1524
5	2015	29.57728
6	2015	27.73535
7	2015	26.49354
8	2015	25.91938
9	2015	26.5191
10	2015	27.53673
11	2015	28.03824
12	2015	26.4292
1	2016	27.67911
2	2016	29.88767
3	2016	30.59671
4	2016	30.45042
5	2016	29.10579
6	2016	27.19516
7	2016	26.26153
8	2016	26.03522
9	2016	26.41738
10	2016	27.82992
11	2016	28.53678
12	2016	28.05919
1	2017	27.69413
2	2017	29.80204
3	2017	30.71092
4	2017	30.21948
5	2017	28.77502
6	2017	27.05806
7	2017	26.377
8	2017	25.7585
9	2017	26.45087
10	2017	27.78796
11	2017	28.06659
12	2017	27.42623
1	2018	27.31216
2	2018	30.15585
3	2018	29.97288
4	2018	30.00195
5	2018	29.00362
6	2018	27.3741
7	2018	26.28033
8	2018	25.91329
9	2018	26.4257
10	2018	27.43277
11	2018	28.2521
12	2018	27.14858
1	2019	28.29031
2	2019	28.89149
3	2019	30.47465
4	2019	29.18537
5	2019	28.14783
6	2019	26.59093
7	2019	26.42694
8	2019	26.16053
9	2019	26.67897
10	2019	26.58327
11	2019	28.37401
12	2019	27.53907
